1000.0    300.0    15.0
         50.0000         301.5297          15.0000          -4.8500           0.0222
        100.0000         301.5334          15.0000          -4.7000           0.1638
        150.0000         301.5406          15.0000          -4.5500           0.7601
        200.0000         301.5514          15.0000          -4.4000          -0.4788
        250.0000         301.5656          15.0000          -4.2500           0.0929
        300.0000         301.5833          15.0000          -4.1000          -0.5952
        350.0000         301.6043          15.0000          -3.9500          -0.6778
        400.0000         301.6285          15.0000          -3.8000          -0.1161
        450.0000         301.6560          15.0000          -3.6500          -0.0377
        500.0000         301.6866          15.0000          -3.5000           0.2978
        550.0000         301.7203          15.0000          -3.3500           0.3858
        600.0000         301.7570          15.0000          -3.2000           0.6324
        650.0000         301.7968          15.0000          -3.0500          -0.3224
        700.0000         301.8394          15.0000          -2.9000          -0.7981
        750.0000         301.8849          15.0000          -2.7500          -0.1585
        800.0000         301.9332          15.0000          -2.6000          -0.2038
        850.0000         301.9842          15.0000          -2.4500           0.7687
        900.0000         302.0380          15.0000          -2.3000           0.2381
        950.0000         302.0944          15.0000          -2.1500           0.6236
       1000.0000         302.1534          15.0000          -2.0000          -0.4832
       1050.0000         302.2242          14.9490          -1.8500          -0.5179
       1100.0000         302.3416          14.6572          -1.7000          -0.4404
       1150.0000         302.4604          14.3710          -1.5500           0.6187
       1200.0000         302.5807          14.0901          -1.4000           0.1400
       1250.0000         302.7024          13.8145          -1.2500           0.5512
       1300.0000         302.8255          13.5441          -1.1000           0.6217
       1350.0000         302.9499          13.2787          -0.9500          -0.9531
       1400.0000         303.0757          13.0183          -0.8000           0.7191
       1450.0000         303.2029          12.7626          -0.6500          -0.9138
       1500.0000         303.3313          12.5117          -0.5000           0.0183
       1550.0000         303.4610          12.2654          -0.3500           0.6431
       1600.0000         303.5919          12.0236          -0.2000           0.2082
       1650.0000         303.7241          11.7862          -0.0500          -0.8616
       1700.0000         303.8574          11.5532           0.1000          -0.5777
       1750.0000         303.9919          11.3244           0.2500          -0.4574
       1800.0000         304.1276          11.0998           0.4000           0.5644
       1850.0000         304.2644          10.8793           0.5500           0.4301
       1900.0000         304.4023          10.6627           0.7000          -0.1567
       1950.0000         304.5412          10.4501           0.8500          -0.6454
       2000.0000         304.6812          10.2414           1.0000           0.8130
       2050.0000         304.8223          10.0365           1.1500          -0.7920
       2100.0000         304.9643           9.8352           1.3000          -0.8517
       2150.0000         305.1073           9.6376           1.4500          -0.3888
       2200.0000         305.2513           9.4436           1.6000          -0.6567
       2250.0000         305.3963           9.2531           1.7500          -0.0576
       2300.0000         305.5421           9.0660           1.9000           0.3896
       2350.0000         305.6889           8.8823           2.0500          -0.5404
       2400.0000         305.8365           8.7020           2.2000          -0.2952
       2450.0000         305.9850           8.5249           2.3500           0.0372
       2500.0000         306.1344           8.3510           2.5000           0.2106
       2550.0000         306.2846           8.1803           2.6500           0.9758
       2600.0000         306.4356           8.0127           2.8000           0.7963
       2650.0000         306.5874           7.8481           2.9500           0.7614
       2700.0000         306.7400           7.6865           3.1000           0.3168
       2750.0000         306.8933           7.5278           3.2500          -0.4750
       2800.0000         307.0474           7.3721           3.4000          -0.6547
       2850.0000         307.2022           7.2191           3.5500           0.4593
       2900.0000         307.3578           7.0690           3.7000          -0.7072
       2950.0000         307.5140           6.9216           3.8500          -0.2192
       3000.0000         307.6710           6.7769           4.0000          -0.2304
       3050.0000         307.8286           6.6349           4.1500          -0.9884
       3100.0000         307.9869           6.4954           4.3000          -0.9204
       3150.0000         308.1459           6.3585           4.4500          -0.3867
       3200.0000         308.3055           6.2242           4.6000          -0.9661
       3250.0000         308.4658           6.0923           4.7500           0.7906
       3300.0000         308.6267           5.9628           4.9000          -0.3879
       3350.0000         308.7883           5.8358           5.0500          -0.2229
       3400.0000         308.9504           5.7111           5.2000          -0.0695
       3450.0000         309.1132           5.5887           5.3500           0.9388
       3500.0000         309.2766           5.4686           5.5000           0.2323
       3550.0000         309.4406           5.3507           5.6500          -0.8540
       3600.0000         309.6052           5.2351           5.8000           0.7539
       3650.0000         309.7704           5.1216           5.9500           0.1697
       3700.0000         309.9361           5.0102           6.1000           0.7147
       3750.0000         310.1024           4.9009           6.2500          -0.0444
       3800.0000         310.2693           4.7937           6.4000           0.7399
       3850.0000         310.4368           4.6885           6.5500           0.9221
       3900.0000         310.6048           4.5853           6.7000          -0.1876
       3950.0000         310.7734           4.4841           6.8500           0.4039
       4000.0000         310.9425           4.3848           7.0000          -0.2765
       4050.0000         311.1122           4.2874           7.1500          -0.3093
       4100.0000         311.2824           4.1918           7.3000          -0.3914
       4150.0000         311.4531           4.0981           7.4500           0.2471
       4200.0000         311.6244           4.0061           7.6000           0.8116
       4250.0000         311.7962           3.9160           7.7500           0.0930
       4300.0000         311.9685           3.8276           7.9000          -0.8721
       4350.0000         312.1413           3.7409           8.0500           0.7015
       4400.0000         312.3147           3.6559           8.2000           0.6876
       4450.0000         312.4885           3.5725           8.3500           0.2651
       4500.0000         312.6628           3.4908           8.5000           0.5328
       4550.0000         312.8377           3.4107           8.6500          -0.3798
       4600.0000         313.0130           3.3321           8.8000          -0.4476
       4650.0000         313.1888           3.2551           8.9500           0.4762
       4700.0000         313.3651           3.1796           9.1000          -0.5036
       4750.0000         313.5419           3.1057           9.2500           0.3855
       4800.0000         313.7191           3.0332           9.4000           0.1089
       4850.0000         313.8968           2.9621           9.5500          -0.7464
       4900.0000         314.0750           2.8924           9.7000           0.4832
       4950.0000         314.2537           2.8242           9.8500           0.8632
       5000.0000         314.4328           2.7573          10.0000           0.3343
       5050.0000         314.6124           2.6918          10.0000           0.0000
       5100.0000         314.7924           2.6276          10.0000           0.0000
       5150.0000         314.9729           2.5648          10.0000           0.0000
       5200.0000         315.1538           2.5032          10.0000           0.0000
       5250.0000         315.3352           2.4428          10.0000           0.0000
       5300.0000         315.5170           2.3837          10.0000           0.0000
       5350.0000         315.6993           2.3259          10.0000           0.0000
       5400.0000         315.8819           2.2692          10.0000           0.0000
       5450.0000         316.0651           2.2137          10.0000           0.0000
       5500.0000         316.2486           2.1593          10.0000           0.0000
       5550.0000         316.4326           2.1061          10.0000           0.0000
       5600.0000         316.6170           2.0540          10.0000           0.0000
       5650.0000         316.8018           2.0030          10.0000           0.0000
       5700.0000         316.9870           1.9531          10.0000           0.0000
       5750.0000         317.1727           1.9043          10.0000           0.0000
       5800.0000         317.3587           1.8564          10.0000           0.0000
       5850.0000         317.5452           1.8096          10.0000           0.0000
       5900.0000         317.7320           1.7638          10.0000           0.0000
       5950.0000         317.9193           1.7190          10.0000           0.0000
       6000.0000         318.1070           1.6752          10.0000           0.0000
       6050.0000         318.2951           1.6323          10.0000           0.0000
       6100.0000         318.4835           1.5904          10.0000           0.0000
       6150.0000         318.6724           1.5493          10.0000           0.0000
       6200.0000         318.8616           1.5092          10.0000           0.0000
       6250.0000         319.0513           1.4699          10.0000           0.0000
       6300.0000         319.2413           1.4315          10.0000           0.0000
       6350.0000         319.4317           1.3940          10.0000           0.0000
       6400.0000         319.6225           1.3573          10.0000           0.0000
       6450.0000         319.8137           1.3214          10.0000           0.0000
       6500.0000         320.0052           1.2864          10.0000           0.0000
       6550.0000         320.1972           1.2521          10.0000           0.0000
       6600.0000         320.3894           1.2186          10.0000           0.0000
       6650.0000         320.5821           1.1858          10.0000           0.0000
       6700.0000         320.7751           1.1539          10.0000           0.0000
       6750.0000         320.9685           1.1226          10.0000           0.0000
       6800.0000         321.1623           1.0921          10.0000           0.0000
       6850.0000         321.3564           1.0622          10.0000           0.0000
       6900.0000         321.5509           1.0331          10.0000           0.0000
       6950.0000         321.7458           1.0046          10.0000           0.0000
       7000.0000         321.9410           0.9768          10.0000           0.0000
       7050.0000         322.1365           0.9497          10.0000           0.0000
       7100.0000         322.3324           0.9232          10.0000           0.0000
       7150.0000         322.5287           0.8973          10.0000           0.0000
       7200.0000         322.7253           0.8721          10.0000           0.0000
       7250.0000         322.9222           0.8474          10.0000           0.0000
       7300.0000         323.1195           0.8233          10.0000           0.0000
       7350.0000         323.3172           0.7999          10.0000           0.0000
       7400.0000         323.5151           0.7770          10.0000           0.0000
       7450.0000         323.7135           0.7546          10.0000           0.0000
       7500.0000         323.9121           0.7328          10.0000           0.0000
       7550.0000         324.1111           0.7115          10.0000           0.0000
       7600.0000         324.3104           0.6908          10.0000           0.0000
       7650.0000         324.5101           0.6706          10.0000           0.0000
       7700.0000         324.7101           0.6508          10.0000           0.0000
       7750.0000         324.9104           0.6316          10.0000           0.0000
       7800.0000         325.1110           0.6128          10.0000           0.0000
       7850.0000         325.3120           0.5946          10.0000           0.0000
       7900.0000         325.5133           0.5768          10.0000           0.0000
       7950.0000         325.7149           0.5594          10.0000           0.0000
       8000.0000         325.9169           0.5425          10.0000           0.0000
       8050.0000         326.1191           0.5260          10.0000           0.0000
       8100.0000         326.3217           0.5099          10.0000           0.0000
       8150.0000         326.5246           0.4943          10.0000           0.0000
       8200.0000         326.7278           0.4791          10.0000           0.0000
       8250.0000         326.9313           0.4643          10.0000           0.0000
       8300.0000         327.1351           0.4498          10.0000           0.0000
       8350.0000         327.3393           0.4358          10.0000           0.0000
       8400.0000         327.5437           0.4221          10.0000           0.0000
       8450.0000         327.7485           0.4088          10.0000           0.0000
       8500.0000         327.9536           0.3958          10.0000           0.0000
       8550.0000         328.1589           0.3832          10.0000           0.0000
       8600.0000         328.3646           0.3709          10.0000           0.0000
       8650.0000         328.5706           0.3590          10.0000           0.0000
       8700.0000         328.7769           0.3474          10.0000           0.0000
       8750.0000         328.9835           0.3361          10.0000           0.0000
       8800.0000         329.1903           0.3251          10.0000           0.0000
       8850.0000         329.3975           0.3144          10.0000           0.0000
       8900.0000         329.6050           0.3041          10.0000           0.0000
       8950.0000         329.8128           0.2940          10.0000           0.0000
       9000.0000         330.0208           0.2842          10.0000           0.0000
       9050.0000         330.2292           0.2747          10.0000           0.0000
       9100.0000         330.4378           0.2654          10.0000           0.0000
       9150.0000         330.6468           0.2564          10.0000           0.0000
       9200.0000         330.8560           0.2477          10.0000           0.0000
       9250.0000         331.0655           0.2392          10.0000           0.0000
       9300.0000         331.2753           0.2310          10.0000           0.0000
       9350.0000         331.4854           0.2230          10.0000           0.0000
       9400.0000         331.6957           0.2153          10.0000           0.0000
       9450.0000         331.9064           0.2078          10.0000           0.0000
       9500.0000         332.1173           0.2005          10.0000           0.0000
       9550.0000         332.3285           0.1934          10.0000           0.0000
       9600.0000         332.5400           0.1865          10.0000           0.0000
       9650.0000         332.7518           0.1799          10.0000           0.0000
       9700.0000         332.9638           0.1734          10.0000           0.0000
       9750.0000         333.1761           0.1671          10.0000           0.0000
       9800.0000         333.3887           0.1611          10.0000           0.0000
       9850.0000         333.6016           0.1552          10.0000           0.0000
       9900.0000         333.8147           0.1495          10.0000           0.0000
       9950.0000         334.0281           0.1440          10.0000           0.0000
      10000.0000         334.2418           0.1386          10.0000           0.0000
      10050.0000         334.4558           0.1335          10.0000           0.0000
      10100.0000         334.6700           0.1285          10.0000           0.0000
      10150.0000         334.8845           0.1236          10.0000           0.0000
      10200.0000         335.0992           0.1189          10.0000           0.0000
      10250.0000         335.3142           0.1144          10.0000           0.0000
      10300.0000         335.5295           0.1100          10.0000           0.0000
      10350.0000         335.7451           0.1057          10.0000           0.0000
      10400.0000         335.9609           0.1016          10.0000           0.0000
      10450.0000         336.1770           0.0976          10.0000           0.0000
      10500.0000         336.3933           0.0938          10.0000           0.0000
      10550.0000         336.6099           0.0901          10.0000           0.0000
      10600.0000         336.8267           0.0865          10.0000           0.0000
      10650.0000         337.0438           0.0830          10.0000           0.0000
      10700.0000         337.2612           0.0797          10.0000           0.0000
      10750.0000         337.4788           0.0764          10.0000           0.0000
      10800.0000         337.6967           0.0733          10.0000           0.0000
      10850.0000         337.9148           0.0703          10.0000           0.0000
      10900.0000         338.1332           0.0674          10.0000           0.0000
      10950.0000         338.3519           0.0646          10.0000           0.0000
      11000.0000         338.5707           0.0619          10.0000           0.0000
      11050.0000         338.7899           0.0592          10.0000           0.0000
      11100.0000         339.0093           0.0567          10.0000           0.0000
      11150.0000         339.2289           0.0543          10.0000           0.0000
      11200.0000         339.4488           0.0520          10.0000           0.0000
      11250.0000         339.6689           0.0497          10.0000           0.0000
      11300.0000         339.8893           0.0475          10.0000           0.0000
      11350.0000         340.1099           0.0454          10.0000           0.0000
      11400.0000         340.3308           0.0434          10.0000           0.0000
      11450.0000         340.5519           0.0415          10.0000           0.0000
      11500.0000         340.7733           0.0396          10.0000           0.0000
      11550.0000         340.9949           0.0378          10.0000           0.0000
      11600.0000         341.2167           0.0361          10.0000           0.0000
      11650.0000         341.4388           0.0344          10.0000           0.0000
      11700.0000         341.6611           0.0328          10.0000           0.0000
      11750.0000         341.8836           0.0313          10.0000           0.0000
      11800.0000         342.1064           0.0298          10.0000           0.0000
      11850.0000         342.3295           0.0284          10.0000           0.0000
      11900.0000         342.5528           0.0271          10.0000           0.0000
      11950.0000         342.7763           0.0258          10.0000           0.0000
      12000.0000         343.0000           0.0245          10.0000           0.0000
      12050.0000         343.7863           0.0247          10.0000           0.0000
      12100.0000         344.5744           0.0250          10.0000           0.0000
      12150.0000         345.3643           0.0252          10.0000           0.0000
      12200.0000         346.1560           0.0254          10.0000           0.0000
      12250.0000         346.9495           0.0256          10.0000           0.0000
      12300.0000         347.7449           0.0259          10.0000           0.0000
      12350.0000         348.5420           0.0261          10.0000           0.0000
      12400.0000         349.3410           0.0264          10.0000           0.0000
      12450.0000         350.1418           0.0266          10.0000           0.0000
      12500.0000         350.9445           0.0268          10.0000           0.0000
      12550.0000         351.7490           0.0271          10.0000           0.0000
      12600.0000         352.5553           0.0273          10.0000           0.0000
      12650.0000         353.3635           0.0276          10.0000           0.0000
      12700.0000         354.1736           0.0278          10.0000           0.0000
      12750.0000         354.9855           0.0281          10.0000           0.0000
      12800.0000         355.7993           0.0283          10.0000           0.0000
      12850.0000         356.6149           0.0286          10.0000           0.0000
      12900.0000         357.4324           0.0289          10.0000           0.0000
      12950.0000         358.2518           0.0291          10.0000           0.0000
      13000.0000         359.0730           0.0294          10.0000           0.0000
      13050.0000         359.8961           0.0297          10.0000           0.0000
      13100.0000         360.7212           0.0299          10.0000           0.0000
      13150.0000         361.5481           0.0302          10.0000           0.0000
      13200.0000         362.3769           0.0305          10.0000           0.0000
      13250.0000         363.2076           0.0308          10.0000           0.0000
      13300.0000         364.0402           0.0310          10.0000           0.0000
      13350.0000         364.8747           0.0313          10.0000           0.0000
      13400.0000         365.7112           0.0316          10.0000           0.0000
      13450.0000         366.5495           0.0319          10.0000           0.0000
      13500.0000         367.3898           0.0322          10.0000           0.0000
      13550.0000         368.2320           0.0325          10.0000           0.0000
      13600.0000         369.0761           0.0328          10.0000           0.0000
      13650.0000         369.9222           0.0331          10.0000           0.0000
      13700.0000         370.7702           0.0334          10.0000           0.0000
      13750.0000         371.6202           0.0337          10.0000           0.0000
      13800.0000         372.4720           0.0340          10.0000           0.0000
      13850.0000         373.3259           0.0343          10.0000           0.0000
      13900.0000         374.1817           0.0347          10.0000           0.0000
      13950.0000         375.0395           0.0350          10.0000           0.0000
      14000.0000         375.8992           0.0353          10.0000           0.0000
      14050.0000         376.7609           0.0356          10.0000           0.0000
      14100.0000         377.6246           0.0359          10.0000           0.0000
      14150.0000         378.4903           0.0363          10.0000           0.0000
      14200.0000         379.3579           0.0366          10.0000           0.0000
      14250.0000         380.2275           0.0369          10.0000           0.0000
      14300.0000         381.0992           0.0373          10.0000           0.0000
      14350.0000         381.9728           0.0376          10.0000           0.0000
      14400.0000         382.8484           0.0380          10.0000           0.0000
      14450.0000         383.7261           0.0383          10.0000           0.0000
      14500.0000         384.6057           0.0387          10.0000           0.0000
      14550.0000         385.4874           0.0390          10.0000           0.0000
      14600.0000         386.3711           0.0394          10.0000           0.0000
      14650.0000         387.2568           0.0398          10.0000           0.0000
      14700.0000         388.1445           0.0401          10.0000           0.0000
      14750.0000         389.0343           0.0405          10.0000           0.0000
      14800.0000         389.9261           0.0409          10.0000           0.0000
      14850.0000         390.8200           0.0413          10.0000           0.0000
      14900.0000         391.7159           0.0416          10.0000           0.0000
      14950.0000         392.6139           0.0420          10.0000           0.0000
      15000.0000         393.5139           0.0424          10.0000           0.0000
      15050.0000         394.4160           0.0428          10.0000           0.0000
      15100.0000         395.3201           0.0432          10.0000           0.0000
      15150.0000         396.2264           0.0436          10.0000           0.0000
      15200.0000         397.1347           0.0440          10.0000           0.0000
      15250.0000         398.0450           0.0444          10.0000           0.0000
      15300.0000         398.9575           0.0448          10.0000           0.0000
      15350.0000         399.8721           0.0452          10.0000           0.0000
      15400.0000         400.7888           0.0457          10.0000           0.0000
      15450.0000         401.7075           0.0461          10.0000           0.0000
      15500.0000         402.6284           0.0465          10.0000           0.0000
      15550.0000         403.5514           0.0470          10.0000           0.0000
      15600.0000         404.4765           0.0474          10.0000           0.0000
      15650.0000         405.4037           0.0478          10.0000           0.0000
      15700.0000         406.3330           0.0483          10.0000           0.0000
      15750.0000         407.2645           0.0487          10.0000           0.0000
      15800.0000         408.1981           0.0492          10.0000           0.0000
      15850.0000         409.1339           0.0496          10.0000           0.0000
      15900.0000         410.0717           0.0501          10.0000           0.0000
      15950.0000         411.0118           0.0506          10.0000           0.0000
      16000.0000         411.9540           0.0510          10.0000           0.0000
      16050.0000         412.8983           0.0515          10.0000           0.0000
      16100.0000         413.8449           0.0520          10.0000           0.0000
      16150.0000         414.7936           0.0525          10.0000           0.0000
      16200.0000         415.7444           0.0530          10.0000           0.0000
      16250.0000         416.6975           0.0535          10.0000           0.0000
      16300.0000         417.6527           0.0540          10.0000           0.0000
      16350.0000         418.6101           0.0545          10.0000           0.0000
      16400.0000         419.5698           0.0550          10.0000           0.0000
      16450.0000         420.5316           0.0555          10.0000           0.0000
      16500.0000         421.4956           0.0560          10.0000           0.0000
      16550.0000         422.4618           0.0565          10.0000           0.0000
      16600.0000         423.4303           0.0571          10.0000           0.0000
      16650.0000         424.4009           0.0576          10.0000           0.0000
      16700.0000         425.3738           0.0581          10.0000           0.0000
      16750.0000         426.3490           0.0587          10.0000           0.0000
      16800.0000         427.3263           0.0592          10.0000           0.0000
      16850.0000         428.3059           0.0598          10.0000           0.0000
      16900.0000         429.2878           0.0603          10.0000           0.0000
      16950.0000         430.2718           0.0609          10.0000           0.0000
      17000.0000         431.2582           0.0615          10.0000           0.0000
      17050.0000         432.2468           0.0620          10.0000           0.0000
      17100.0000         433.2377           0.0626          10.0000           0.0000
      17150.0000         434.2308           0.0632          10.0000           0.0000
      17200.0000         435.2263           0.0638          10.0000           0.0000
      17250.0000         436.2240           0.0644          10.0000           0.0000
      17300.0000         437.2240           0.0650          10.0000           0.0000
      17350.0000         438.2262           0.0656          10.0000           0.0000
      17400.0000         439.2308           0.0662          10.0000           0.0000
      17450.0000         440.2377           0.0669          10.0000           0.0000
      17500.0000         441.2469           0.0675          10.0000           0.0000
      17550.0000         442.2584           0.0681          10.0000           0.0000
      17600.0000         443.2723           0.0688          10.0000           0.0000
      17650.0000         444.2884           0.0694          10.0000           0.0000
      17700.0000         445.3069           0.0701          10.0000           0.0000
      17750.0000         446.3277           0.0707          10.0000           0.0000
      17800.0000         447.3509           0.0714          10.0000           0.0000
      17850.0000         448.3764           0.0721          10.0000           0.0000
      17900.0000         449.4042           0.0727          10.0000           0.0000
      17950.0000         450.4344           0.0734          10.0000           0.0000
      18000.0000         451.4670           0.0741          10.0000           0.0000
      18050.0000         452.5019           0.0748          10.0000           0.0000
      18100.0000         453.5392           0.0755          10.0000           0.0000
      18150.0000         454.5789           0.0762          10.0000           0.0000
      18200.0000         455.6210           0.0770          10.0000           0.0000
      18250.0000         456.6655           0.0777          10.0000           0.0000
      18300.0000         457.7123           0.0784          10.0000           0.0000
      18350.0000         458.7616           0.0792          10.0000           0.0000
      18400.0000         459.8132           0.0799          10.0000           0.0000
      18450.0000         460.8673           0.0807          10.0000           0.0000
      18500.0000         461.9238           0.0814          10.0000           0.0000
      18550.0000         462.9827           0.0822          10.0000           0.0000
      18600.0000         464.0440           0.0830          10.0000           0.0000
      18650.0000         465.1078           0.0838          10.0000           0.0000
      18700.0000         466.1740           0.0846          10.0000           0.0000
      18750.0000         467.2427           0.0854          10.0000           0.0000
      18800.0000         468.3138           0.0862          10.0000           0.0000
      18850.0000         469.3873           0.0870          10.0000           0.0000
      18900.0000         470.4633           0.0878          10.0000           0.0000
      18950.0000         471.5418           0.0886          10.0000           0.0000
      19000.0000         472.6228           0.0895          10.0000           0.0000
      19050.0000         473.7062           0.0903          10.0000           0.0000
      19100.0000         474.7921           0.0912          10.0000           0.0000
      19150.0000         475.8805           0.0921          10.0000           0.0000
      19200.0000         476.9715           0.0929          10.0000           0.0000
      19250.0000         478.0649           0.0938          10.0000           0.0000
      19300.0000         479.1608           0.0947          10.0000           0.0000
      19350.0000         480.2592           0.0956          10.0000           0.0000
      19400.0000         481.3601           0.0965          10.0000           0.0000
      19450.0000         482.4636           0.0974          10.0000           0.0000
      19500.0000         483.5696           0.0984          10.0000           0.0000
      19550.0000         484.6781           0.0993          10.0000           0.0000
      19600.0000         485.7892           0.1002          10.0000           0.0000
      19650.0000         486.9028           0.1012          10.0000           0.0000
      19700.0000         488.0190           0.1022          10.0000           0.0000
      19750.0000         489.1377           0.1031          10.0000           0.0000
      19800.0000         490.2590           0.1041          10.0000           0.0000
      19850.0000         491.3829           0.1051          10.0000           0.0000
      19900.0000         492.5093           0.1061          10.0000           0.0000
      19950.0000         493.6383           0.1071          10.0000           0.0000
      20000.0000         494.7699           0.1082          10.0000           0.0000
      20050.0000         495.9041           0.1092          10.0000           0.0000
      20100.0000         497.0409           0.1102          10.0000           0.0000
      20150.0000         498.1804           0.1113          10.0000           0.0000
      20200.0000         499.3224           0.1124          10.0000           0.0000
      20250.0000         500.4670           0.1134          10.0000           0.0000
      20300.0000         501.6143           0.1145          10.0000           0.0000
      20350.0000         502.7642           0.1156          10.0000           0.0000
      20400.0000         503.9167           0.1167          10.0000           0.0000
      20450.0000         505.0719           0.1178          10.0000           0.0000
      20500.0000         506.2297           0.1190          10.0000           0.0000
      20550.0000         507.3902           0.1201          10.0000           0.0000
      20600.0000         508.5533           0.1213          10.0000           0.0000
      20650.0000         509.7191           0.1224          10.0000           0.0000
      20700.0000         510.8876           0.1236          10.0000           0.0000
      20750.0000         512.0587           0.1248          10.0000           0.0000
      20800.0000         513.2326           0.1260          10.0000           0.0000
      20850.0000         514.4091           0.1272          10.0000           0.0000
      20900.0000         515.5883           0.1284          10.0000           0.0000
      20950.0000         516.7703           0.1297          10.0000           0.0000
      21000.0000         517.9549           0.1309          10.0000           0.0000
      21050.0000         519.1423           0.1322          10.0000           0.0000
      21100.0000         520.3323           0.1334          10.0000           0.0000
      21150.0000         521.5251           0.1347          10.0000           0.0000
      21200.0000         522.7207           0.1360          10.0000           0.0000
      21250.0000         523.9190           0.1373          10.0000           0.0000
      21300.0000         525.1200           0.1387          10.0000           0.0000
      21350.0000         526.3238           0.1400          10.0000           0.0000
      21400.0000         527.5303           0.1414          10.0000           0.0000
      21450.0000         528.7396           0.1427          10.0000           0.0000
      21500.0000         529.9517           0.1441          10.0000           0.0000
      21550.0000         531.1665           0.1455          10.0000           0.0000
      21600.0000         532.3842           0.1469          10.0000           0.0000
      21650.0000         533.6046           0.1483          10.0000           0.0000
      21700.0000         534.8278           0.1497          10.0000           0.0000
      21750.0000         536.0539           0.1512          10.0000           0.0000
      21800.0000         537.2827           0.1527          10.0000           0.0000
      21850.0000         538.5144           0.1541          10.0000           0.0000
      21900.0000         539.7489           0.1556          10.0000           0.0000
      21950.0000         540.9862           0.1571          10.0000           0.0000
      22000.0000         542.2263           0.1587          10.0000           0.0000
      22050.0000         543.4693           0.1602          10.0000           0.0000
      22100.0000         544.7152           0.1618          10.0000           0.0000
      22150.0000         545.9639           0.1633          10.0000           0.0000
      22200.0000         547.2154           0.1649          10.0000           0.0000
      22250.0000         548.4699           0.1665          10.0000           0.0000
      22300.0000         549.7272           0.1681          10.0000           0.0000
      22350.0000         550.9874           0.1698          10.0000           0.0000
      22400.0000         552.2504           0.1714          10.0000           0.0000
      22450.0000         553.5164           0.1731          10.0000           0.0000
      22500.0000         554.7853           0.1748          10.0000           0.0000
      22550.0000         556.0571           0.1765          10.0000           0.0000
      22600.0000         557.3318           0.1782          10.0000           0.0000
      22650.0000         558.6094           0.1799          10.0000           0.0000
      22700.0000         559.8899           0.1817          10.0000           0.0000
      22750.0000         561.1734           0.1834          10.0000           0.0000
      22800.0000         562.4598           0.1852          10.0000           0.0000
      22850.0000         563.7492           0.1870          10.0000           0.0000
      22900.0000         565.0416           0.1889          10.0000           0.0000
      22950.0000         566.3368           0.1907          10.0000           0.0000
      23000.0000         567.6351           0.1926          10.0000           0.0000
      23050.0000         568.9364           0.1944          10.0000           0.0000
      23100.0000         570.2406           0.1963          10.0000           0.0000
      23150.0000         571.5478           0.1983          10.0000           0.0000
      23200.0000         572.8580           0.2002          10.0000           0.0000
      23250.0000         574.1712           0.2022          10.0000           0.0000
      23300.0000         575.4874           0.2041          10.0000           0.0000
      23350.0000         576.8067           0.2061          10.0000           0.0000
      23400.0000         578.1289           0.2082          10.0000           0.0000
      23450.0000         579.4542           0.2102          10.0000           0.0000
      23500.0000         580.7826           0.2123          10.0000           0.0000
      23550.0000         582.1139           0.2143          10.0000           0.0000
      23600.0000         583.4484           0.2165          10.0000           0.0000
      23650.0000         584.7859           0.2186          10.0000           0.0000
      23700.0000         586.1264           0.2207          10.0000           0.0000
      23750.0000         587.4701           0.2229          10.0000           0.0000
      23800.0000         588.8168           0.2251          10.0000           0.0000
      23850.0000         590.1666           0.2273          10.0000           0.0000
      23900.0000         591.5195           0.2295          10.0000           0.0000
      23950.0000         592.8754           0.2318          10.0000           0.0000
      24000.0000         594.2345           0.2341          10.0000           0.0000
      24050.0000         595.5968           0.2364          10.0000           0.0000
      24100.0000         596.9621           0.2387          10.0000           0.0000
      24150.0000         598.3306           0.2411          10.0000           0.0000
      24200.0000         599.7022           0.2434          10.0000           0.0000
      24250.0000         601.0769           0.2458          10.0000           0.0000
      24300.0000         602.4548           0.2483          10.0000           0.0000
      24350.0000         603.8359           0.2507          10.0000           0.0000
      24400.0000         605.2201           0.2532          10.0000           0.0000
      24450.0000         606.6075           0.2557          10.0000           0.0000
      24500.0000         607.9981           0.2582          10.0000           0.0000
      24550.0000         609.3919           0.2608          10.0000           0.0000
      24600.0000         610.7888           0.2633          10.0000           0.0000
      24650.0000         612.1890           0.2660          10.0000           0.0000
      24700.0000         613.5924           0.2686          10.0000           0.0000
      24750.0000         614.9990           0.2712          10.0000           0.0000
      24800.0000         616.4088           0.2739          10.0000           0.0000
      24850.0000         617.8218           0.2766          10.0000           0.0000
      24900.0000         619.2381           0.2794          10.0000           0.0000
      24950.0000         620.6577           0.2822          10.0000           0.0000
      25000.0000         622.0804           0.2850          10.0000           0.0000
      25050.0000         623.5065           0.2878          10.0000           0.0000
      25100.0000         624.9358           0.2906          10.0000           0.0000
      25150.0000         626.3684           0.2935          10.0000           0.0000
      25200.0000         627.8043           0.2965          10.0000           0.0000
      25250.0000         629.2435           0.2994          10.0000           0.0000
      25300.0000         630.6859           0.3024          10.0000           0.0000
      25350.0000         632.1317           0.3054          10.0000           0.0000
      25400.0000         633.5808           0.3084          10.0000           0.0000
      25450.0000         635.0332           0.3115          10.0000           0.0000
      25500.0000         636.4890           0.3146          10.0000           0.0000
      25550.0000         637.9480           0.3177          10.0000           0.0000
      25600.0000         639.4105           0.3209          10.0000           0.0000
      25650.0000         640.8762           0.3241          10.0000           0.0000
      25700.0000         642.3454           0.3274          10.0000           0.0000
      25750.0000         643.8179           0.3306          10.0000           0.0000
      25800.0000         645.2938           0.3339          10.0000           0.0000
      25850.0000         646.7730           0.3373          10.0000           0.0000
      25900.0000         648.2557           0.3406          10.0000           0.0000
      25950.0000         649.7417           0.3440          10.0000           0.0000
      26000.0000         651.2312           0.3475          10.0000           0.0000
      26050.0000         652.7241           0.3510          10.0000           0.0000
      26100.0000         654.2204           0.3545          10.0000           0.0000
      26150.0000         655.7201           0.3580          10.0000           0.0000
      26200.0000         657.2233           0.3616          10.0000           0.0000
      26250.0000         658.7299           0.3653          10.0000           0.0000
      26300.0000         660.2399           0.3689          10.0000           0.0000
      26350.0000         661.7535           0.3726          10.0000           0.0000
      26400.0000         663.2705           0.3764          10.0000           0.0000
      26450.0000         664.7909           0.3801          10.0000           0.0000
      26500.0000         666.3149           0.3840          10.0000           0.0000
      26550.0000         667.8423           0.3878          10.0000           0.0000
      26600.0000         669.3733           0.3917          10.0000           0.0000
      26650.0000         670.9078           0.3957          10.0000           0.0000
      26700.0000         672.4457           0.3997          10.0000           0.0000
      26750.0000         673.9872           0.4037          10.0000           0.0000
      26800.0000         675.5323           0.4078          10.0000           0.0000
      26850.0000         677.0809           0.4119          10.0000           0.0000
      26900.0000         678.6330           0.4160          10.0000           0.0000
      26950.0000         680.1887           0.4202          10.0000           0.0000
      27000.0000         681.7480           0.4245          10.0000           0.0000
      27050.0000         683.3108           0.4287          10.0000           0.0000
      27100.0000         684.8772           0.4331          10.0000           0.0000
      27150.0000         686.4472           0.4375          10.0000           0.0000
      27200.0000         688.0208           0.4419          10.0000           0.0000
      27250.0000         689.5980           0.4464          10.0000           0.0000
      27300.0000         691.1788           0.4509          10.0000           0.0000
      27350.0000         692.7633           0.4554          10.0000           0.0000
      27400.0000         694.3514           0.4601          10.0000           0.0000
      27450.0000         695.9431           0.4647          10.0000           0.0000
      27500.0000         697.5385           0.4694          10.0000           0.0000
      27550.0000         699.1375           0.4742          10.0000           0.0000
      27600.0000         700.7402           0.4790          10.0000           0.0000
      27650.0000         702.3466           0.4839          10.0000           0.0000
      27700.0000         703.9566           0.4888          10.0000           0.0000
      27750.0000         705.5704           0.4938          10.0000           0.0000
      27800.0000         707.1878           0.4988          10.0000           0.0000
      27850.0000         708.8090           0.5039          10.0000           0.0000
      27900.0000         710.4338           0.5090          10.0000           0.0000
      27950.0000         712.0624           0.5142          10.0000           0.0000
      28000.0000         713.6947           0.5194          10.0000           0.0000
      28050.0000         715.3308           0.5247          10.0000           0.0000
      28100.0000         716.9706           0.5301          10.0000           0.0000
      28150.0000         718.6142           0.5355          10.0000           0.0000
      28200.0000         720.2615           0.5410          10.0000           0.0000
      28250.0000         721.9127           0.5465          10.0000           0.0000
      28300.0000         723.5676           0.5521          10.0000           0.0000
      28350.0000         725.2263           0.5577          10.0000           0.0000
      28400.0000         726.8888           0.5634          10.0000           0.0000
      28450.0000         728.5551           0.5692          10.0000           0.0000
      28500.0000         730.2252           0.5750          10.0000           0.0000
      28550.0000         731.8992           0.5809          10.0000           0.0000
      28600.0000         733.5770           0.5869          10.0000           0.0000
      28650.0000         735.2586           0.5929          10.0000           0.0000
      28700.0000         736.9441           0.5990          10.0000           0.0000
      28750.0000         738.6335           0.6051          10.0000           0.0000
      28800.0000         740.3267           0.6113          10.0000           0.0000
      28850.0000         742.0238           0.6176          10.0000           0.0000
      28900.0000         743.7248           0.6240          10.0000           0.0000
      28950.0000         745.4297           0.6304          10.0000           0.0000
      29000.0000         747.1385           0.6369          10.0000           0.0000
      29050.0000         748.8513           0.6434          10.0000           0.0000
      29100.0000              29150.0000         752.2885           0.6568          10.0000           0.0000
